NLL: 0.19342398710165515
CE: 0.053691275167785234