NLL: 0.34086854399183986
CE: 0.08053691275167785