NLL: 0.3490937988230046
CE: 0.08053691275167785