NLL: 0.33525209778907317
CE: 0.07606263982102908